                      RF     AF     AE     (RF-AE)  (AF-AE)  (RF-AE)^2 (AF-AE)^2 (AF-RF)/P N           
-------------------------------------------------------------------------------------------------------
One-quarter-ahead       0.278  0.291  0.280   -0.003    0.010     0.933     0.125    -0.030   1,040,127
t-stat                                         -1.14     2.71                         -7.11            
Two-quarters-ahead      0.278  0.314  0.279   -0.002    0.035     0.892     0.166    -0.022     953,629
t-stat                                         -0.38     7.06                         -8.21            
Three-quarters-ahead    0.296  0.347  0.294    0.002    0.053     0.900     0.214    -0.018     878,017
t-stat                                          0.39     7.32                         -7.74            
One-year-ahead          1.064  1.142  1.068   -0.004    0.074     6.075     0.520    -0.079     989,022
t-stat                                         -0.54     4.82                         -8.23            
Two-years-ahead         1.220  1.440  1.221   -0.001    0.219     5.948     1.550    -0.049     820,108
t-stat                                         -0.03     6.55                         -6.75            